0.742413619030854
0.956553557916151
1.00807019674855
0.589940475381026
0.171295010808308
1.38548886264982
1.02622697717811
1.29866234292113
1.06741515271187
1.26750738843498
1.35188060073986
0.272213799667045
1.4943645849995
1.59907839612992
1.04630302406618
1.13925036758416
1.07018902518844
1.47032202904715
0.993221552043724
0.785417239218412
1.91564165911944
0.537782175346348
-0.0525733225471825
1.23016889380593
1.34416215134415
1.19430813829867
1.96187966898851
0.423798836645173
1.19104641957664
-0.0992511536864935
1.93831658968248
4.72257557841705
-7.73119975991368
2.61030890903836
-0.36581898124806
7.22272374505135
-0.537579728124247
3.18832125175965
-1.10893904887779
-0.866879546166336
-1.20878148473598
-0.939685289584338
3.72437228033281
6.29096712409734
0.023417682317902
0.517522087411451
0.349530848455055
2.09446550096938
-0.438784628282313
0.647549888954645
-1.42768835675567
5.82659299153823
0.741162812976196
0.950901517940352
1.62748347793919
1.87170516849569
0.558057392417031
-0.471660434793904
2.25342530068401
-0.0212338150510014
84.3892647706612
-49.4930507026573
51.3996453303621
-22.565730927757
-43.3882345827197
15.6512458694416
-73.9319281455573
-1.33305820244172
17.7186851414337
135.455851682013
82.2961355962977
84.5589980745218
-41.6310370536188
-75.8651450405497
-81.3366773037106
235.255721939366
-157.374821389097
-261.34795086656
68.3644379619592
-150.453709310071
257.285847600517
176.318865391104
473.356406648647
-250.78271881023
-259.168160547281
-75.7540357744791
136.485034136314
86.4228146973034
175.344450012199
-284.818310833426
48.9611190052802
-170.92552194027
-64.401120453942
98.6366338248345
-44.7924101103127
138.198362295869
66.8958858276304
-15.5198659565947
-102.43497455084
181.130424519071
-47.5748191079049
111.446858758778
-189.542846517907
158.646156456709
-132.921596959076
-194.138712187988
6047.88491864656
741.66279826623
-2085.1245139966
1021.40778580755
-2253.72007071379
-2297.14675785762
1181.74262317396
2.19419861720684
-1204.12809676001
3473.07607563422
366.486182183952
-1704.96545291059
1572.73311849119
-3005.61791892677
1595.46289070278
-1646.19858889997
681.065374297662
-1271.77544531566
-2087.55594321285
1976.07975787809
437.98159026227
-163.604555030882
-631.835954404426
1040.26357740258
-35.4576262705552
-876.003274270056
588.566083877774
-60.0834615439067
656.58592871587
23399.16160724
-18399.0432910833
-10969.6396225432
-57934.6901735758
-9853.45006201053
-18487.8392540553
17289.6916049457
51795.9366215031
20549.5840020767
-13286.1856751804
2311.62555015232
94181.7186828389
-39199.5666989161
-33402.7148024371
34176.7132364411
