0.4868351182321650
 -11.0103880286071778
 1.0309244834085443
 -1.4505331452731178
 2.6785799005001119
 0.4720209472626171
 0.9664750100302200
 0.9112241877524283
 0.9962830518470931
 1.3277501205107529
 2.5848261706797855
 2.5050057531651495
 -0.1874303558624795
 1.4944566083477948
 1.0463030240661799
 -1.2500065851491513
 -14.0882065648001635
 18.2483496810532770
 0.7517384852672766
 -12.1835395205626611
 -8.2296364083752511
 -5.5066381056865881
 1.4521188723905398
 1.8124473654679889
 -17.8357680458668000
 -15.0146557742568145
 10.0598495605694485
 2.0581350562987941
 0.9932217421963193
 -0.0992511536864935
 -1172.2972119279565959
 -609.2308671486368894
 -37.1698795864615477
 -25.0008319234360670
 467.9712522436198583
 113.5066301555772270
 130.7945257809991517
 127.5348202725749331
 95.4767792655439820
 -109.0261634670011546
 86.9025333223728182
 -83.3093927659772362
 -42.9130398081856015
 6.3526354863865757
 0.0234176823179020
 43275939516.4148635864257812
 -16967910909.7499961853027344
 -2016657828.1529889106750488
 -105227610.3013608753681183
 45078253.2372557148337364
 -4220171.2244198611006141
 -28560.3187445089570247
 10066.1202854786788521
 1970.3410127526608449
 6320.0982281719643652
 -1019.1013301892149912
 -352.1688723969883767
 44.5014278363468563
 1.9095024358473949
 -0.0212338150510014
 -7739843369638437060608.0000000000000000
 -127167149133826080768.0000000000000000
 -3434787248998008832.0000000000000000
 -220064066525272480.0000000000000000
 14574590648062932.0000000000000000
 2179267899795304.7500000000000000
 134451277691939.3750000000000000
 4556854342788.1611328125000000
 10279881211115.2285156250000000
 -307188626267.9698486328125000
 1900044886.3506665229797363
 -18900433.6217049695551395
 -368667.9787261639139615
 7615.8123353029886857
 -81.3366773037106014
 32740530752441470987877988547166208.0000000000000000
 137106292112193148637880772460544.0000000000000000
 -509759503620416520828334637056.0000000000000000
 -4602166923177276685944881152.0000000000000000
 -69996761342928008131903488.0000000000000000
 -278606874750861648592896.0000000000000000
 960549946992409051136.0000000000000000
 -1789038532895014656.0000000000000000
 -2324230818701642.0000000000000000
 5481347712788.2900390625000000
 -43445421787.9598693847656250
 -649399054.5607125759124756
 8835198.1977122128009796
 -91905.2249710401956690
 -284.8183108334259828
 135126934122491524329557782585220792320.0000000000000000
 342384108906464464260657181890707456.0000000000000000
 -636526380177971313878608715448320.0000000000000000
 -2078156249457755483937108393984.0000000000000000
 -9765911362421314798852505600.0000000000000000
 -32371409553602458796687360.0000000000000000
 74842964080500058095616.0000000000000000
 1548214197780455096320.0000000000000000
 -18884844132643926016.0000000000000000
 -21098349722967320.0000000000000000
 -50606597098274.7578125000000000
 -196559871447.0665893554687500
 -194405609.2309906780719757
 -134743.3924247563118115
 -132.9215969590759983
 154438096472939890428674298765063531746295808.0000000000000000
 209242650082590765244982624385983427117056.0000000000000000
 -77194962938641420698287073370646249472.0000000000000000
 -82333675535232561275032800608649216.0000000000000000
 -63816948326432993668354583560192.0000000000000000
 -45708320372052494758596050944.0000000000000000
 14536010480129403420409856.0000000000000000
 8835081710831752183808.0000000000000000
 8943510592953621504.0000000000000000
 10248870637622028288.0000000000000000
 4035504070811546.0000000000000000
 -5304098765144.8066406250000000
 -14021716317.4761142730712891
 -8620386.0942453723400831
 -3005.6179189267700167
 789453199937567948044949428853037242152514486272.0000000000000000
 56661638231237028851655516957249955050815488.0000000000000000
 9538029652799377553904528287041067155456.0000000000000000
 2077284032025744762812208543759859712.0000000000000000
 -147301062424066227448589959823360.0000000000000000
 -6731087627768761789209116672.0000000000000000
 1471483855356418162950144.0000000000000000
 3883036488969489481728.0000000000000000
 -7029623423194286080.0000000000000000
 -2015023599381059.2500000000000000
 -11680801137653.9785156250000000
 68877694539.7466278076171875
 25208498.5331330113112926
 139433.9731791892845649
 656.5859287158699544
 10653702401764012489038102986025242916903970365124411876442112.0000000000000000
 1043462490033359312200536212716945726390003668196056367104.0000000000000000
 -217992071166365064233329751790019725125019856858513408.0000000000000000
 14458742470403490712513999088589676658633448882176.0000000000000000
 -1068078124415841726117840731048417989945720832.0000000000000000
 247159351214398016711706466511225100435456.0000000000000000
 32600858242060757401831776886852681728.0000000000000000
 -1534789886403398299852654537342976.0000000000000000
 60797481379641979736571248640.0000000000000000
 9389379689490447727591424.0000000000000000
 12995099221330745098240.0000000000000000
 -2517402137486165504.0000000000000000
 -28745685487157.1992187500000000
 925474527.1526139974594116
 34176.7132364411008894
 