0.9999999999999978
 1.0000000000000007
 1.0000000000000013
 0.9999999999999939
 1.0000000000000062
 1.0000000000000060
 0.9999999999999964
 1.0000000000000036
 0.9999999999999978
 0.9999999999999961
 1.0000000000000020
 0.9999999999999968
 0.9999999999999922
 1.0000000000000013
 0.9999999999999936
 1.0000000000000191
 0.9999999999999996
 0.9999999999999951
 1.0000000000000060
 1.0000000000000060
 1.0000000000000298
 0.9999999999999953
 1.0000000000000204
 1.0000000000000080
 0.9999999999999963
 1.0000000000000020
 1.0000000000000233
 1.0000000000000011
 1.0000000000000075
 1.0000000000000284
 0.9999999999999925
 1.0000000000000362
 0.9999999999999933
 0.9999999999999878
 0.9999999999999947
 0.9999999999999608
 0.9999999999999926
 0.9999999999999891
 1.0000000000000040
 1.0000000000000036
 1.0000000000000160
 0.9999999999999932
 1.0000000000000255
 1.0000000000000118
 1.0000000000000091
 1.0000000000000167
 0.9999999999998842
 0.9999999999999385
 0.9999999999999718
 1.0000000000000355
 1.0000000000005100
 1.0000000000002145
 1.0000000000000142
 1.0000000000000042
 0.9999999999999702
 1.0000000000000044
 0.9999999999999047
 0.9999999999998266
 0.9999999999999976
 1.0000000000000981
 0.9999999999999605
 0.9999999999997272
 1.0000000000001734
 0.9999999999999423
 0.9999999999997855
 1.0000000000001175
 0.9999999999998416
 0.9999999999999740
 1.0000000000001463
 0.9999999999990046
 0.9999999999989867
 1.0000000000002016
 0.9999999999996805
 0.9999999999994809
 0.9999999999987947
 1.0000000000011868
 1.0000000000005773
 0.9999999999996388
 0.9999999999998355
 1.0000000000008837
 0.9999999999975689
 1.0000000000002376
 1.0000000000010716
 1.0000000000005420
 0.9999999999996437
 1.0000000000002549
 1.0000000000000495
 0.9999999999994791
 1.0000000000011968
 1.0000000000005913
 0.9999999999988793
 0.9999999999902811
 0.9999999999983654
 0.9999999999984699
 1.0000000000022449
 0.9999999999902148
 1.0000000000000981
 0.9999999999994563
 1.0000000000007354
 1.0000000000112153
 1.0000000000009008
 0.9999999999965579
 1.0000000000009830
 0.9999999999969740
 1.0000000000074727
 0.9999999999990093
 1.0000000000224778
 1.0000000000147384
 1.0000000000074896
 1.0000000000119229
 1.0000000000040739
 0.9999999999969619
 0.9999999999916634
 0.9999999999999873
 0.9999999999952029
 1.0000000000050580
 1.0000000000003064
 0.9999999999956245
 0.9999999999868997
 1.0000000000471814
 1.0000000001215277
 1.0000000000867857
 0.9999999999959790
 0.9999999999519465
 1.0000000000149116
 0.9999999999710460
 0.9999999999947392
 0.9999999999904434
 1.0000000000042142
 0.9999999999782573
 0.9999999999986466
 1.0000000000005442
 1.0000000000094771
 1.0000000000010993
 1.0000000000000002
 0.9999999999048997
 1.0000000000697198
 0.9999999999770381
 0.9999999999327539
 0.9999999999746468
 1.0000000000019755
 0.9999999999682712
 1.0000000000339866
 1.0000000001242826
 1.0000000000219369
 0.9999999999993592
 0.9999999999552918
 0.9999999999086228
 1.0000000000507654
 0.9999999999414392
 